33
78
34
150
1443
516
1436
54
1441
219
1437
62
69
517
327
1430
294
301
1444
216
654
1201
1439
71
1356
756
53
1442
96
268
46
916
1145
1447
281
1000
266
402
742
127
362
827
1065
1440
308
97
141
343
56
63
1107
1159
631
761
1060
833
1431
265
695
913
806
139
218
55
482
452
931
1446
1154
1068
72
386
203
825
522
1105
283
194
151
416
277
984
121
143
532
1286
1435
973
453
415
662
1018
309
697
807
377
1504
1061
1158
1162
843
12
830
657
1120
293
35
1112
473
385
590
970
350
914
1315
537
638
263
140
1434
771
403
239
252
443
531
1567
9
132
860
337
1493
64
744
410
454
244
284
82
496
243
128
828
25
330
1069
800
872
1160
117
1505
805
481
303
1110
523
1307
40
966
94
1438
388
1408
142
1402
775
45
296
547
275
878
956
899
1148
189
1563
195
375
676
88
278
47
30
353
995
663
320
5
915
1294
458
412
51
1066
591
1491
282
834
1155
530
357
802
154
76
797
682
500
1212
1276
1570
1289
231
1117
660
448
136
1459
845
341
1096
269
1364
1508
1048
186
1466
1247
1054
563
1351
1546
769
1432
724
1266
146
1106
937
393
1216
1070
259
1205
1502
1394
509
932
1336
38
652
397
696
24
461
1422
1403
475
391
969
467
207
1577
106
873
1406
1518
953
717
177
1017
877
626
118
286
334
947
323
371
1314
900
770
1562
1142
561
2
7
220
719
300
346
1026
831
352
1067
1135
1156
706
329
171
48
998
823
408
455
764
539
307
314
976
1539
1021
958
1087
197
903
17
490
897
1149
316
589
191
801
850
179
609
1185
1558
642
1252
358
550
1279
1225
1516
280
173
1535
366
552
597
1483
153
1427
1513
1471
645
635
1261
93
1103
376
721
1200
466
587
1097
796
680
943
681
524
1035
1119
144
1555
1190
1374
855
67
60
1288
1332
436
292
1573
84
1542
401
1274
702
1109
428
618
835
1390
340
372
249
665
1195
264
15
213
21
606
446
384
1465
1349
233
980
228
380
27
1245
746
1222
540
1
1456
814
247
211
1207
658
1047
1167
785
469
396
1211
1506
387
732
79
1071
768
923
1397
726
565
1547
1214
938
1094
962
423
844
983
556
202
1003
508
39
398
581
102
445
472
911
1411
255
794
460
757
1335
715
1203
1399
1415
881
1267
57
335
870
502
1058
166
1469
1365
356
655
890
427
1042
515
693
625
342
1421
820
772
1575
967
567
1324
669
1309
430
1010
123
3
930
1404
774
884
1152
1501
478
1316
829
1519
1063
114
245
705
288
1566
75
456
783
574
319
1474
302
952
134
1146
439
321
198
630
765
349
1585
162
227
896
1429
99
147
822
1108
803
709
1377
534
205
863
1178
602
175
623
996
957
1343
614
1320
886
105
160
1022
87
528
570
1537
479
497
1580
611
520
1024
511
904
1164
861
221
1175
809
577
1368
470
754
1347
743
1481
433
1031
559
180
169
1416
1303
1033
812
16
1386
1013
1139
949
841
1184
486
1240
752
518
866
1237
1326
1409
1583
81
172
851
789
1235
978
1556
108
418
1543
1228
1495
848
217
483
944
1486
1426
1082
646
95
985
360
192
279
1280
941
1511
1488
1292
367
1533
324
689
10
31
593
260
305
636
129
311
1256
389
736
1168
1522
1310
1515
111
1133
1384
616
155
920
1231
1273
270
1360
1287
1571
795
1550
730
85
373
290
184
464
137
1372
1328
750
882
1424
544
1472
1484
262
298
777
1218
525
237
901
364
1540
1253
1136
404
1282
856
328
1354
1298
906
1464
1449
1116
214
585
91
678
1198
780
974
1391
1350
447
548
553
700
712
1101
1331
607
1124
182
747
672
1209
1553
1114
248
59
981
1098
258
1250
815
1131
20
786
621
187
1395
1271
632
1244
399
1375
190
647
229
599
683
394
836
960
1002
234
987
49
659
912
1242
208
1560
1260
200
0
792
66
13
1258
1206
909
1477
313
1223
871
210
935
840
338
924
1545
332
1196
1264
409
254
345
627
36
716
1028
425
505
572
1006
1093
1052
766
77
1043
1215
733
557
462
273
1413
664
846
422
1568
224
1180
564
126
494
1530
1011
1507
28
1153
103
1039
583
1323
1479
1337
694
879
1049
667
122
1576
762
723
1525
1420
1056
1366
1457
650
619
382
1306
1202
379
1193
1400
963
992
4
1468
541
1564
1248
1072
568
354
1475
1370
1405
157
1233
42
1361
704
1147
1062
965
826
73
437
457
580
488
927
883
817
1037
1500
196
1312
758
1078
1127
164
149
1121
133
1357
1433
821
348
468
951
895
799
145
1111
888
994
390
6
8
11
14
18
19
22
23
26
29
32
37
41
43
44
50
52
58
61
65
68
70
74
80
83
86
89
90
92
98
100
101
104
107
109
110
112
113
115
116
119
120
124
125
130
131
135
138
148
152
156
158
159
161
163
165
167
168
170
174
176
178
181
183
185
188
193
199
201
204
206
209
212
215
222
223
225
226
230
232
235
236
238
240
241
242
246
250
251
253
256
257
261
267
271
272
274
276
285
287
289
291
295
297
299
304
306
310
312
315
317
318
322
325
326
331
333
336
339
344
347
351
355
359
361
363
365
368
369
370
374
378
381
383
392
395
400
405
406
407
411
413
414
417
419
420
421
424
426
429
431
432
434
435
438
440
441
442
444
449
450
451
459
463
465
471
474
476
477
480
484
485
487
489
491
492
493
495
498
499
501
503
504
506
507
510
512
513
514
519
521
526
527
529
533
535
536
538
542
543
545
546
549
551
554
555
558
560
562
566
569
571
573
575
576
578
579
582
584
586
588
592
594
595
596
598
600
601
603
604
605
608
610
612
613
615
617
620
622
624
628
629
633
634
637
639
640
641
643
644
648
649
651
653
656
661
666
668
670
671
673
674
675
677
679
684
685
686
687
688
690
691
692
698
699
701
703
707
708
710
711
713
714
718
720
722
725
727
728
729
731
734
735
737
738
739
740
741
745
748
749
751
753
755
759
760
763
767
773
776
778
779
781
782
784
787
788
790
791
793
798
804
808
810
811
813
816
818
819
824
832
837
838
839
842
847
849
852
853
854
857
858
859
862
864
865
867
868
869
874
875
876
880
885
887
889
891
892
893
894
898
902
905
907
908
910
917
918
919
921
922
925
926
928
929
933
934
936
939
940
942
945
946
948
950
954
955
959
961
964
968
971
972
975
977
979
982
986
988
989
990
991
993
997
999
1001
1004
1005
1007
1008
1009
1012
1014
1015
1016
1019
1020
1023
1025
1027
1029
1030
1032
1034
1036
1038
1040
1041
1044
1045
1046
1050
1051
1053
1055
1057
1059
1064
1073
1074
1075
1076
1077
1079
1080
1081
1083
1084
1085
1086
1088
1089
1090
1091
1092
1095
1099
1100
1102
1104
1113
1115
1118
1122
1123
1125
1126
1128
1129
1130
1132
1134
1137
1138
1140
1141
1143
1144
1150
1151
1157
1161
1163
1165
1166
1169
1170
1171
1172
1173
1174
1176
1177
1179
1181
1182
1183
1186
1187
1188
1189
1191
1192
1194
1197
1199
1204
1208
1210
1213
1217
1219
1220
1221
1224
1226
1227
1229
1230
1232
1234
1236
1238
1239
1241
1243
1246
1249
1251
1254
1255
1257
1259
1262
1263
1265
1268
1269
1270
1272
1275
1277
1278
1281
1283
1284
1285
1290
1291
1293
1295
1296
1297
1299
1300
1301
1302
1304
1305
1308
1311
1313
1317
1318
1319
1321
1322
1325
1327
1329
1330
1333
1334
1338
1339
1340
1341
1342
1344
1345
1346
1348
1352
1353
1355
1358
1359
1362
1363
1367
1369
1371
1373
1376
1378
1379
1380
1381
1382
1383
1385
1387
1388
1389
1392
1393
1396
1398
1401
1407
1410
1412
1414
1417
1418
1419
1423
1425
1428
1445
1448
1450
1451
1452
1453
1454
1455
1458
1460
1461
1462
1463
1467
1470
1473
1476
1478
1480
1482
1485
1487
1489
1490
1492
1494
1496
1497
1498
1499
1503
1509
1510
1512
1514
1517
1520
1521
1523
1524
1526
1527
1528
1529
1531
1532
1534
1536
1538
1541
1544
1548
1549
1551
1552
1554
1557
1559
1561
1565
1569
1572
1574
1578
1579
1581
1582
1584
1586
1587
1588
