2.602229
2.542233
2.498732
2.452563
2.428990
2.402755
2.383277
2.363896
2.346733
2.322380
2.307504
2.280715
2.265366
2.251716
2.237166
2.222902
2.200977
2.184367
2.171809
2.156371
2.144038
2.133332
2.122459
2.110555
2.099876
2.089306
2.074751
2.065502
2.055518
2.046878
2.034480
2.024707
2.016035
2.008445
1.999964
1.986169
1.978950
1.961120
1.948003
1.937102
1.925400
1.918193
1.911103
1.904260
1.898262
1.891582
1.885170
1.876383
1.869699
1.859996
1.852532
1.846474
1.839543
1.833448
1.827560
1.821721
1.815737
1.807978
1.800064
1.792605
1.787699
1.782956
1.776481
1.770356
1.763822
1.759037
1.753947
1.749217
1.744640
1.740136
1.734046
1.729748
1.723179
1.718749
1.712647
1.708169
1.702914
1.696931
1.690724
1.685041
1.680474
1.675736
1.670769
1.666689
1.662726
1.657146
1.653286
1.648775
1.645082
1.641440
1.636925
1.632733
1.627522
1.622404
1.618780
1.614756
1.611197
1.607645
1.604083
1.599999
1.596150
1.591711
1.588114
1.583535
1.578832
1.574535
1.571021
1.567498
1.562798
1.559325
1.554242
1.550765
1.547246
1.543713
1.539545
1.535527
1.531002
1.527264
1.523840
1.520439
1.516877
1.513558
1.510314
1.506415
1.503127
1.500018
1.496850
1.493432
1.489964
1.486209
1.483061
1.479900
1.476946
1.473036
1.470097
1.467138
1.463867
1.460965
1.457453
1.454478
1.451623
1.447239
1.444277
1.441327
1.438403
1.435397
1.432407
1.429523
1.426646
1.423816
1.421032
1.418153
1.415164
1.411684
1.408950
1.405476
1.402866
1.400239
1.397611
1.394860
1.392111
1.389388
1.386729
1.384019
1.381419
1.377901
1.375432
1.372953
1.370502
1.367871
1.365491
1.363162
1.360909
1.358638
1.356126
1.353863
1.351670
1.349470
1.347358
1.344649
1.342542
1.340441
1.337922
1.335788
1.333670
1.331592
1.329305
1.327124
1.324644
1.322421
1.320316
1.318237
1.316190
1.314111
1.312049
1.310009
1.307983
1.305915
1.303836
1.301814
1.299789
1.297771
1.295836
1.293885
1.292001
1.290130
1.288166
1.286295
1.284443
1.282578
1.280702
1.278832
1.276943
1.275061
1.273159
1.271121
1.269257
1.267388
1.265531
1.263678
1.261799
1.259944
1.258065
1.256185
1.253733
1.251836
1.249933
1.247969
1.246079
1.244168
1.242278
1.240386
1.238350
1.236435
1.234517
1.232461
1.230397
1.228483
1.226557
1.224634
1.222676
1.220740
1.218859
1.217020
1.215128
1.213232
1.210923
1.208926
1.207016
1.204941
1.203023
1.201146
1.199121
1.197216
1.195341
1.193467
1.191505
1.189527
1.187655
1.185649
1.183580
1.181745
1.180005
1.178172
1.176372
1.174566
1.172786
1.170955
1.169209
1.167388
1.165544
1.163725
1.161853
1.160009
1.158182
1.156559
1.154244
1.152612
1.150933
1.149332
1.147620
1.145934
1.144359
1.142739
1.141119
1.139583
1.137677
1.136146
1.134622
1.133130
1.131620
1.130036
1.128479
1.126926
1.125455
1.123885
1.122348
1.120866
1.119420
1.117473
1.116016
1.114553
1.113170
1.111687
1.110164
1.108772
1.107414
1.106064
1.104723
1.103466
1.102206
1.100941
1.100016
1.098587
1.097325
1.096059
1.095146
1.093751
1.092330
1.090814
1.089483
1.088227
1.086831
1.085569
1.084304
1.082935
1.081664
1.080389
1.079014
1.077748
1.076357
1.074973
1.073709
1.072785
1.071518
1.070246
1.068972
1.067705
1.066435
1.065189
1.063809
1.062548
1.061277
1.059998
1.058715
1.057435
1.055965
1.054665
1.053378
1.052075
1.050774
1.049813
1.048377
1.047057
1.045729
1.044284
1.042973
1.041645
1.040332
1.039009
1.037740
1.036342
1.034993
1.033706
1.032256
1.030958
1.029667
1.028364
1.027046
1.025735
1.024415
1.023078
1.021747
1.020450
1.019105
1.017750
1.016388
1.015039
1.013684
1.012320
1.010957
1.009442
1.007989
1.006636
1.005263
1.003879
1.002502
1.001096
0.999704
0.998326
0.996939
0.995522
0.994112
0.992697
0.991288
0.989875
0.988452
0.987051
0.985616
0.984174
0.982737
0.981287
0.979842
0.978414
0.976979
0.975527
0.974080
0.972620
0.971175
0.969577
0.968109
0.966619
0.965116
0.963613
0.962121
0.960630
0.959146
0.957637
0.956117
0.954412
0.952892
0.951357
0.949836
0.948144
0.946612
0.945080
0.943419
0.941877
0.940314
0.938734
0.937177
0.935607
0.934027
0.932438
0.930831
0.929218
0.927585
0.925955
0.924320
0.922701
0.921052
0.919375
0.917692
0.916006
0.914323
0.912647
0.911034
0.909395
0.908180
0.906958
0.905291
0.903668
0.901991
0.900298
0.898613
0.896951
0.895282
0.893602
0.891934
0.890259
0.888559
0.886859
0.885136
0.883866
0.882116
0.880355
0.879071
0.877319
0.876028
0.874269
0.872497
0.870719
0.869407
0.867684
0.865868
0.864102
0.862807
0.861032
0.859235
0.857920
0.856118
0.854801
0.853033
0.851261
0.849496
0.847720
0.845927
0.844613
0.842842
0.841560
0.840284
0.838533
0.836788
0.835495
0.833770
0.832489
0.830786
0.829050
0.827336
0.826071
0.824367
0.822663
0.820963
0.819278
0.818045
0.816802
0.815132
0.813936
0.812302
0.810685
0.809112
0.807951
0.806800
0.805663
0.804107
0.802976
0.801483
0.799966
0.798453
0.797350
0.796275
0.794860
0.793847
0.792835
0.791496
0.790494
0.789489
0.788506
0.787321
0.786014
0.785129
0.784028
0.782930
0.782020
0.781109
0.780439
0.779772
0.779102
0.778430
0.777764
0.777096
0.776429
0.775764
0.775100
0.774215
0.773550
0.772891
0.772231
0.771572
0.770909
0.770245
0.769578
0.768910
0.768241
0.767573
0.766908
0.766242
0.765573
0.764902
0.764231
0.763561
0.762888
0.762213
0.761535
0.760855
0.760178
0.759498
0.758817
0.758134
0.757449
0.756761
0.756072
0.755130
0.754438
0.753742
0.753043
0.752344
0.751643
0.750938
0.750231
0.749522
0.748817
0.748109
0.747399
0.746686
0.745971
0.745257
0.744544
0.743829
0.743111
0.742393
0.741672
0.740949
0.740222
0.739494
0.738762
0.738032
0.737300
0.736569
0.735839
0.735110
0.734386
0.733661
0.732932
0.732200
0.731466
0.730734
0.729998
0.729262
0.728523
0.727787
0.727053
0.726319
0.725585
0.724848
0.724108
0.723367
0.722628
0.721886
0.721142
0.720397
0.719654
0.718916
0.718180
0.717440
0.716698
0.715952
0.715208
0.714461
0.713711
0.712956
0.712200
0.711440
0.710678
0.709914
0.709148
0.708378
0.707603
0.706828
0.706048
0.705264
0.704478
0.703694
0.702913
0.702128
0.701101
0.700311
0.699516
0.698722
0.697926
0.697126
0.696322
0.695518
0.694711
0.693900
0.693086
0.692272
0.691454
0.690635
0.689814
0.688991
0.688167
0.687339
0.686512
0.685687
0.684863
0.684037
0.683209
0.682378
0.681543
0.680706
0.679866
0.679022
0.678177
0.677327
0.676473
0.675626
0.674776
0.673920
0.673062
0.672202
0.671343
0.670477
0.669607
0.668737
0.667863
0.666989
0.666119
0.665247
0.664372
0.663493
0.662610
0.661726
0.660846
0.659961
0.659072
0.658178
0.657280
0.656381
0.655478
0.654570
0.653657
0.652740
0.651818
0.650893
0.649966
0.649037
0.648100
0.647158
0.646211
0.645265
0.644319
0.643380
0.642437
0.641490
0.640536
0.639580
0.638618
0.637657
0.636698
0.635738
0.634774
0.633820
0.632860
0.631896
0.630925
0.629952
0.628972
0.627986
0.627004
0.626015
0.625021
0.624030
0.623033
0.622031
0.621028
0.620024
0.619014
0.617997
0.616973
0.615943
0.614912
0.613888
0.612858
0.611820
0.610776
0.609739
0.608696
0.607646
0.606600
0.605547
0.604490
0.603429
0.602368
0.601315
0.600254
0.599185
0.598108
0.597023
0.595932
0.594832
0.593724
0.592609
0.591485
0.590352
0.589212
0.588062
0.586906
0.585743
0.584578
0.583403
0.582229
0.581047
0.579855
0.578659
0.577455
0.576251
0.575039
0.573823
0.572601
0.571379
0.570148
0.568921
0.567682
0.566429
0.565166
0.563890
0.562600
0.561306
0.559999
0.558682
0.557354
0.556018
0.554666
0.553336
0.552003
0.550654
0.549290
0.547916
0.546530
0.545140
0.543738
0.542319
0.540898
0.539459
0.538010
0.536544
0.535059
0.533571
0.532083
0.530581
0.529064
0.527532
0.525987
0.524431
0.522857
0.521260
0.519654
0.518041
0.516419
0.514786
0.513139
0.511474
0.509781
0.508075
0.506346
0.504590
0.502815
0.501021
0.499211
0.497370
0.495496
0.493646
0.491766
0.489860
0.487919
0.485947
0.483940
0.481891
0.479804
0.477674
0.475548
0.473377
0.471190
0.468996
0.466803
0.464558
0.462267
0.459996
0.457691
0.455337
0.453004
0.450644
0.448294
0.445892
0.443444
0.440969
0.438429
0.435830
0.433156
0.430409
0.427595
0.424738
0.421802
0.418772
0.415633
0.412372
0.409030
0.405554
0.401982
0.398261
0.394462
0.390550
0.386461
0.382191
0.377910
0.373458
0.368759
0.363765
0.358684
0.353353
0.347605
0.341433
0.334758
0.327557
0.319497
0.311026
0.302867
0.296162
0.288951
0.281481
0.273413
0.264049
0.252927
0.238663
0.222014
0.197146
0.153268
0.000000
0.000000
0.000000
0.000000
0.000000
0.000000
0.000000
0.000000
0.000000
0.000000
0.000000
0.000000
0.000000
0.000000
0.000000
0.000000
0.000000
0.000000
0.000000
0.000000
0.000000
0.000000
0.000000
0.000000
0.000000
0.000000
0.000000
0.000000
0.000000
0.000000
0.000000
0.000000
0.000000
0.000000
0.000000
0.000000
0.000000
0.000000
0.000000
0.000000
0.000000
0.000000
0.000000
0.000000
0.000000
0.000000
0.000000
0.000000
0.000000
0.000000
0.000000
0.000000
0.000000
0.000000
0.000000
0.000000
0.000000
0.000000
0.000000
0.000000
0.000000
0.000000
0.000000
0.000000
0.000000
0.000000
0.000000
0.000000
0.000000
0.000000
0.000000
0.000000
0.000000
0.000000
0.000000
0.000000
0.000000
0.000000
0.000000
0.000000
0.000000
0.000000
0.000000
0.000000
0.000000
0.000000
0.000000
0.000000
0.000000
0.000000
0.000000
0.000000
0.000000
0.000000
0.000000
0.000000
0.000000
0.000000
0.000000
0.000000
0.000000
0.000000
0.000000
0.000000
0.000000
0.000000
0.000000
0.000000
0.000000
0.000000
0.000000
0.000000
0.000000
0.000000
0.000000
0.000000
0.000000
0.000000
0.000000
0.000000
0.000000
0.000000
0.000000
0.000000
0.000000
0.000000
0.000000
0.000000
0.000000
0.000000
0.000000
0.000000
0.000000
0.000000
0.000000
0.000000
0.000000
0.000000
0.000000
0.000000
0.000000
0.000000
0.000000
0.000000
0.000000
0.000000
0.000000
0.000000
0.000000
0.000000
0.000000
0.000000
0.000000
0.000000
0.000000
0.000000
0.000000
0.000000
0.000000
0.000000
0.000000
0.000000
0.000000
0.000000
0.000000
0.000000
0.000000
0.000000
0.000000
0.000000
0.000000
0.000000
0.000000
0.000000
0.000000
0.000000
0.000000
0.000000
0.000000
0.000000
0.000000
0.000000
0.000000
0.000000
0.000000
0.000000
0.000000
0.000000
0.000000
0.000000
0.000000
0.000000
0.000000
0.000000
0.000000
0.000000
0.000000
0.000000
0.000000
0.000000
0.000000
0.000000
0.000000
0.000000
0.000000
0.000000
0.000000
0.000000
0.000000
0.000000
0.000000
0.000000
0.000000
0.000000
0.000000
0.000000
0.000000
0.000000
0.000000
0.000000
0.000000
0.000000
0.000000
0.000000
0.000000
0.000000
0.000000
0.000000
0.000000
0.000000
0.000000
0.000000
0.000000
0.000000
0.000000
0.000000
0.000000
0.000000
0.000000
0.000000
0.000000
0.000000
0.000000
0.000000
0.000000
0.000000
0.000000
0.000000
0.000000
0.000000
0.000000
0.000000
0.000000
0.000000
0.000000
0.000000
0.000000
0.000000
0.000000
0.000000
0.000000
0.000000
0.000000
0.000000
0.000000
0.000000
0.000000
0.000000
0.000000
0.000000
0.000000
0.000000
0.000000
0.000000
0.000000
0.000000
0.000000
0.000000
0.000000
0.000000
0.000000
0.000000
0.000000
0.000000
0.000000
0.000000
0.000000
0.000000
0.000000
0.000000
0.000000
0.000000
0.000000
0.000000
0.000000
0.000000
0.000000
0.000000
0.000000
0.000000
0.000000
0.000000
0.000000
0.000000
0.000000
0.000000
0.000000
0.000000
0.000000
0.000000
0.000000
0.000000
0.000000
0.000000
0.000000
0.000000
0.000000
0.000000
0.000000
0.000000
0.000000
0.000000
0.000000
0.000000
0.000000
0.000000
0.000000
0.000000
0.000000
0.000000
0.000000
0.000000
0.000000
0.000000
0.000000
0.000000
0.000000
0.000000
0.000000
0.000000
0.000000
0.000000
0.000000
0.000000
0.000000
0.000000
0.000000
0.000000
0.000000
0.000000
0.000000
0.000000
0.000000
0.000000
0.000000
0.000000
0.000000
0.000000
0.000000
0.000000
0.000000
0.000000
0.000000
0.000000
0.000000
0.000000
0.000000
0.000000
0.000000
0.000000
0.000000
0.000000
0.000000
0.000000
0.000000
0.000000
0.000000
0.000000
0.000000
0.000000
0.000000
0.000000
0.000000
0.000000
0.000000
0.000000
0.000000
0.000000
0.000000
0.000000
0.000000
0.000000
0.000000
0.000000
0.000000
0.000000
0.000000
0.000000
0.000000
0.000000
0.000000
0.000000
0.000000
0.000000
0.000000
0.000000
0.000000
0.000000
0.000000
0.000000
0.000000
0.000000
0.000000
0.000000
0.000000
0.000000
0.000000
0.000000
0.000000
0.000000
0.000000
0.000000
0.000000
0.000000
0.000000
0.000000
0.000000
0.000000
0.000000
0.000000
0.000000
0.000000
0.000000
0.000000
0.000000
0.000000
0.000000
0.000000
0.000000
0.000000
0.000000
0.000000
0.000000
0.000000
0.000000
0.000000
0.000000
0.000000
0.000000
0.000000
0.000000
0.000000
0.000000
0.000000
0.000000
0.000000
0.000000
0.000000
0.000000
0.000000
0.000000
0.000000
0.000000
0.000000
0.000000
0.000000
0.000000
0.000000
0.000000
0.000000
0.000000
0.000000
0.000000
0.000000
0.000000
0.000000
0.000000
0.000000
0.000000
0.000000
0.000000
0.000000
0.000000
0.000000
0.000000
0.000000
0.000000
0.000000
0.000000
0.000000
0.000000
0.000000
0.000000
0.000000
0.000000
0.000000
0.000000
0.000000
0.000000
0.000000
0.000000
0.000000
0.000000
0.000000
0.000000
0.000000
0.000000
0.000000
0.000000
0.000000
0.000000
0.000000
0.000000
0.000000
0.000000
0.000000
0.000000
0.000000
0.000000
0.000000
0.000000
0.000000
0.000000
0.000000
0.000000
0.000000
0.000000
0.000000
0.000000
0.000000
0.000000
0.000000
0.000000
0.000000
0.000000
0.000000
0.000000
0.000000
0.000000
0.000000
0.000000
0.000000
0.000000
0.000000
0.000000
0.000000
0.000000
0.000000
0.000000
0.000000
0.000000
0.000000
0.000000
0.000000
0.000000
0.000000
0.000000
0.000000
0.000000
0.000000
0.000000
0.000000
0.000000
0.000000
0.000000
0.000000
0.000000
0.000000
0.000000
0.000000
0.000000
0.000000
0.000000
0.000000
0.000000
0.000000
0.000000
0.000000
0.000000
0.000000
0.000000
0.000000
0.000000
0.000000
0.000000
0.000000
0.000000
0.000000
0.000000
0.000000
0.000000
0.000000
0.000000
0.000000
0.000000
0.000000
0.000000
0.000000
0.000000
0.000000
0.000000
0.000000
0.000000
0.000000
0.000000
0.000000
0.000000
0.000000
0.000000
0.000000
0.000000
0.000000
0.000000
0.000000
0.000000
0.000000
0.000000
0.000000
0.000000
0.000000
0.000000
0.000000
0.000000
0.000000
0.000000
0.000000
0.000000
0.000000
0.000000
0.000000
0.000000
0.000000
0.000000
0.000000
0.000000
0.000000
0.000000
0.000000
0.000000
0.000000
0.000000
0.000000
0.000000
0.000000
0.000000
0.000000
0.000000
0.000000
0.000000
0.000000
0.000000
0.000000
0.000000
0.000000
0.000000
0.000000
0.000000
0.000000
0.000000
0.000000
0.000000
0.000000
0.000000
0.000000
0.000000
0.000000
0.000000
0.000000
0.000000
0.000000
0.000000
0.000000
0.000000
0.000000
0.000000
0.000000
0.000000
0.000000
0.000000
0.000000
0.000000
0.000000
0.000000
0.000000
0.000000
0.000000
0.000000
0.000000
0.000000
0.000000
0.000000
