33
1443
78
34
150
1436
1441
219
1437
62
1430
151
294
54
1444
216
327
1439
69
1000
517
1442
53
742
654
1201
268
1447
281
96
46
756
362
402
1145
827
301
1065
1440
266
916
1107
141
63
697
1159
631
72
833
1060
1431
1356
913
516
56
127
307
806
761
97
139
452
482
1446
1154
218
1068
386
825
1105
277
283
931
522
194
473
203
143
532
1286
263
695
1435
309
416
453
662
121
1018
807
377
1162
1061
1158
1504
12
830
1120
843
293
343
35
1112
55
973
385
970
914
1315
350
537
140
774
415
1434
403
984
531
1567
676
132
860
239
126
638
265
9
337
1493
410
454
64
284
496
590
828
25
1069
800
243
330
1160
1505
744
872
252
117
481
805
1110
1307
40
966
1438
563
388
1408
142
303
244
1402
94
652
71
275
523
878
45
296
329
899
1148
189
1135
1563
195
375
353
995
320
5
915
1294
458
47
412
1066
591
663
834
1155
278
1022
357
280
802
154
1535
797
1491
682
1212
1276
1570
1289
231
1117
660
448
88
765
1459
845
308
57
341
1096
269
1364
1508
500
1048
186
1466
1247
1351
30
1546
136
769
1432
724
1266
146
1106
76
937
393
1216
1070
259
1205
1054
1502
1394
771
509
38
397
696
461
1422
202
1403
391
969
467
207
1335
1577
873
932
1406
1518
953
717
1017
877
626
475
286
334
323
1314
106
1562
176
82
561
118
2
831
352
1067
1156
866
947
706
222
902
1489
752
998
823
1417
455
10
299
1136
170
48
1539
346
958
197
903
17
897
1149
191
801
690
850
179
1185
1558
285
1252
892
611
1279
1516
411
173
1023
974
366
1534
552
1483
153
1427
1513
1471
645
635
1261
93
162
1103
1200
466
315
361
1097
796
680
943
549
712
681
789
1119
144
1555
1190
1374
855
67
60
1288
1332
589
436
292
1573
84
586
1542
401
1274
702
1109
618
835
1390
340
372
249
665
1195
264
15
213
21
606
446
526
384
1465
1349
233
980
228
380
27
1245
746
1222
540
1456
814
247
211
1207
658
1047
1167
785
469
396
1211
1506
387
732
79
0
768
923
1397
1035
726
565
1547
1214
938
1094
962
423
1337
844
556
1003
1362
508
39
398
581
102
911
1411
255
794
460
757
715
1203
1399
1415
881
657
1267
335
870
772
1058
1469
1365
356
1072
890
427
1042
693
625
1421
669
1575
967
567
1324
1309
123
3
1404
884
1152
1501
675
1316
829
1519
1063
705
1566
75
456
1474
952
134
1146
1389
1089
492
198
349
1226
739
1008
378
985
896
201
147
822
1433
1108
803
444
474
996
955
470
501
167
221
175
546
514
1086
344
656
819
1454
370
491
901
8
1009
431
389
442
929
52
1227
1141
775
298
477
1263
435
113
287
1027
720
409
784
575
313
318
304
440
169
322
975
538
643
317
533
629
1586
279
359
220
548
598
226
653
525
100
585
429
1338
670
23
610
1016
759
1137
946
326
1445
1
4
6
7
11
13
14
16
18
19
20
22
24
26
28
29
31
32
36
37
41
42
43
44
49
50
51
58
59
61
65
66
68
70
73
74
77
80
81
83
85
86
87
89
90
91
92
95
98
99
101
103
104
105
107
108
109
110
111
112
114
115
116
119
120
122
124
125
128
129
130
131
133
135
137
138
145
148
149
152
155
156
157
158
159
160
161
163
164
165
166
168
171
172
174
177
178
180
181
182
183
184
185
187
188
190
192
193
196
199
200
204
205
206
208
209
210
212
214
215
217
223
224
225
227
229
230
232
234
235
236
237
238
240
241
242
245
246
248
250
251
253
254
256
257
258
260
261
262
267
270
271
272
273
274
276
282
288
289
290
291
295
297
300
302
305
306
310
311
312
314
316
319
321
324
325
328
331
332
333
336
338
339
342
345
347
348
351
354
355
358
360
363
364
365
367
368
369
371
373
374
376
379
381
382
383
390
392
394
395
399
400
404
405
406
407
408
413
414
417
418
419
420
421
422
424
425
426
428
430
432
433
434
437
438
439
441
443
445
447
449
450
451
457
459
462
463
464
465
468
471
472
476
478
479
480
483
484
485
486
487
488
489
490
493
494
495
497
498
499
502
503
504
505
506
507
510
511
512
513
515
518
519
520
521
524
527
528
529
530
534
535
536
539
541
542
543
544
545
547
550
551
553
554
555
557
558
559
560
562
564
566
568
569
570
571
572
573
574
576
577
578
579
580
582
583
584
587
588
592
593
594
595
596
597
599
600
601
602
603
604
605
607
608
609
612
613
614
615
616
617
619
620
621
622
623
624
627
628
630
632
633
634
636
637
639
640
641
642
644
646
647
648
649
650
651
655
659
661
664
666
667
668
671
672
673
674
677
678
679
683
684
685
686
687
688
689
691
692
694
698
699
700
701
703
704
707
708
709
710
711
713
714
716
718
719
721
722
723
725
727
728
729
730
731
733
734
735
736
737
738
740
741
743
745
747
748
749
750
751
753
754
755
758
760
762
763
764
766
767
770
773
776
777
778
779
780
781
782
783
786
787
788
790
791
792
793
795
798
799
804
808
809
810
811
812
813
815
816
817
818
820
821
824
826
832
836
837
838
839
840
841
842
846
847
848
849
851
852
853
854
856
857
858
859
861
862
863
864
865
867
868
869
871
874
875
876
879
880
882
883
885
886
887
888
889
891
893
894
895
898
900
904
905
906
907
908
909
910
912
917
918
919
920
921
922
924
925
926
927
928
930
933
934
935
936
939
940
941
942
944
945
948
949
950
951
954
956
957
959
960
961
963
964
965
968
971
972
976
977
978
979
981
982
983
986
987
988
989
990
991
992
993
994
997
999
1001
1002
1004
1005
1006
1007
1010
1011
1012
1013
1014
1015
1019
1020
1021
1024
1025
1026
1028
1029
1030
1031
1032
1033
1034
1036
1037
1038
1039
1040
1041
1043
1044
1045
1046
1049
1050
1051
1052
1053
1055
1056
1057
1059
1062
1064
1071
1073
1074
1075
1076
1077
1078
1079
1080
1081
1082
1083
1084
1085
1087
1088
1090
1091
1092
1093
1095
1098
1099
1100
1101
1102
1104
1111
1113
1114
1115
1116
1118
1121
1122
1123
1124
1125
1126
1127
1128
1129
1130
1131
1132
1133
1134
1138
1139
1140
1142
1143
1144
1147
1150
1151
1153
1157
1161
1163
1164
1165
1166
1168
1169
1170
1171
1172
1173
1174
1175
1176
1177
1178
1179
1180
1181
1182
1183
1184
1186
1187
1188
1189
1191
1192
1193
1194
1196
1197
1198
1199
1202
1204
1206
1208
1209
1210
1213
1215
1217
1218
1219
1220
1221
1223
1224
1225
1228
1229
1230
1231
1232
1233
1234
1235
1236
1237
1238
1239
1240
1241
1242
1243
1244
1246
1248
1249
1250
1251
1253
1254
1255
1256
1257
1258
1259
1260
1262
1264
1265
1268
1269
1270
1271
1272
1273
1275
1277
1278
1280
1281
1282
1283
1284
1285
1287
1290
1291
1292
1293
1295
1296
1297
1298
1299
1300
1301
1302
1303
1304
1305
1306
1308
1310
1311
1312
1313
1317
1318
1319
1320
1321
1322
1323
1325
1326
1327
1328
1329
1330
1331
1333
1334
1336
1339
1340
1341
1342
1343
1344
1345
1346
1347
1348
1350
1352
1353
1354
1355
1357
1358
1359
1360
1361
1363
1366
1367
1368
1369
1370
1371
1372
1373
1375
1376
1377
1378
1379
1380
1381
1382
1383
1384
1385
1386
1387
1388
1391
1392
1393
1395
1396
1398
1400
1401
1405
1407
1409
1410
1412
1413
1414
1416
1418
1419
1420
1423
1424
1425
1426
1428
1429
1448
1449
1450
1451
1452
1453
1455
1457
1458
1460
1461
1462
1463
1464
1467
1468
1470
1472
1473
1475
1476
1477
1478
1479
1480
1481
1482
1484
1485
1486
1487
1488
1490
1492
1494
1495
1496
1497
1498
1499
1500
1503
1507
1509
1510
1511
1512
1514
1515
1517
1520
1521
1522
1523
1524
1525
1526
1527
1528
1529
1530
1531
1532
1533
1536
1537
1538
1540
1541
1543
1544
1545
1548
1549
1550
1551
1552
1553
1554
1556
1557
1559
1560
1561
1564
1565
1568
1569
1571
1572
1574
1576
1578
1579
1580
1581
1582
1583
1584
1585
1587
1588
