3.738867
3.678828
3.616549
3.544899
3.487709
3.432359
3.385249
3.342147
3.301677
3.245165
3.210070
3.173334
3.130805
3.099077
3.067575
3.036535
3.008973
2.982506
2.958581
2.931878
2.912669
2.891084
2.869777
2.850554
2.831761
2.813496
2.797177
2.779853
2.760087
2.740891
2.724151
2.706430
2.687158
2.667916
2.651970
2.636643
2.620466
2.605137
2.590344
2.576595
2.560918
2.543055
2.528894
2.515564
2.497781
2.485064
2.470682
2.457073
2.445043
2.432645
2.420120
2.408484
2.393364
2.382105
2.371607
2.358579
2.347430
2.336803
2.326407
2.315745
2.305283
2.295284
2.283743
2.273861
2.264300
2.254635
2.245109
2.236178
2.227154
2.218198
2.209586
2.200339
2.190865
2.181305
2.171549
2.162780
2.154907
2.146949
2.139228
2.128372
2.120625
2.110859
2.103172
2.094643
2.086410
2.078980
2.069908
2.061764
2.053419
2.046309
2.038453
2.031086
2.024186
2.017270
2.010299
2.001814
1.994946
1.986105
1.978553
1.971180
1.962857
1.956116
1.949362
1.941646
1.934842
1.928140
1.921544
1.914924
1.907124
1.900518
1.892866
1.886577
1.880071
1.873753
1.867393
1.861212
1.854652
1.848967
1.843262
1.836524
1.830254
1.823469
1.817555
1.810950
1.805039
1.798201
1.792013
1.786274
1.780585
1.775173
1.769727
1.764224
1.758933
1.753452
1.748137
1.742860
1.737615
1.732327
1.727074
1.721915
1.716751
1.711662
1.706791
1.700925
1.695850
1.690158
1.685103
1.679597
1.674565
1.669670
1.665061
1.660425
1.655792
1.651008
1.645501
1.640711
1.636037
1.631279
1.625850
1.620441
1.615789
1.610700
1.605461
1.600134
1.595454
1.590588
1.586340
1.581901
1.577660
1.573201
1.569115
1.565001
1.560414
1.556247
1.552118
1.548117
1.543769
1.540040
1.536342
1.532137
1.528363
1.524040
1.520058
1.516423
1.512876
1.509104
1.505521
1.501827
1.498196
1.494666
1.491121
1.487323
1.483977
1.480398
1.477056
1.473572
1.470234
1.466867
1.463621
1.460089
1.456843
1.453624
1.450441
1.447236
1.444015
1.440807
1.437568
1.434342
1.431085
1.427074
1.423559
1.420345
1.417122
1.413374
1.409956
1.406707
1.403467
1.400180
1.396940
1.393658
1.389745
1.386435
1.382048
1.378710
1.375362
1.372052
1.368049
1.364747
1.360824
1.357494
1.353926
1.350556
1.347182
1.343565
1.339936
1.336068
1.332673
1.329260
1.325850
1.322461
1.319029
1.315697
1.312052
1.308767
1.305386
1.302015
1.298602
1.295222
1.291859
1.288569
1.285257
1.281999
1.278452
1.275169
1.271734
1.268482
1.264999
1.261285
1.257909
1.254697
1.251512
1.247814
1.244660
1.241494
1.238376
1.235168
1.232001
1.228793
1.225630
1.222244
1.218770
1.215590
1.211752
1.208873
1.205775
1.202905
1.200015
1.197011
1.194231
1.191221
1.188420
1.185794
1.183212
1.180639
1.178056
1.175482
1.172768
1.170205
1.167590
1.165004
1.162404
1.159908
1.157468
1.155019
1.152515
1.150031
1.147544
1.145092
1.142622
1.140221
1.137476
1.135187
1.132693
1.130377
1.127986
1.125693
1.123401
1.121076
1.118709
1.116492
1.114197
1.111894
1.109636
1.107358
1.105086
1.102817
1.100531
1.098319
1.095908
1.093643
1.091402
1.089171
1.086870
1.084597
1.082341
1.079975
1.077709
1.075349
1.073151
1.070920
1.068658
1.066362
1.064065
1.061796
1.059393
1.057066
1.054828
1.052529
1.049793
1.047485
1.045161
1.042803
1.040328
1.037843
1.035527
1.033142
1.030803
1.028403
1.025969
1.023505
1.021231
1.018751
1.016425
1.013980
1.011649
1.009358
1.007025
1.004634
1.002297
0.999919
0.997462
0.995051
0.992317
0.990038
0.987545
0.985025
0.982494
0.979902
0.977387
0.974858
0.972282
0.969747
0.967114
0.964689
0.962172
0.959596
0.957080
0.954430
0.951845
0.949336
0.946791
0.944114
0.941509
0.938840
0.936205
0.933542
0.930851
0.928003
0.925420
0.922664
0.919894
0.917170
0.914396
0.911638
0.908978
0.906283
0.903492
0.900741
0.897947
0.895241
0.892496
0.889617
0.886695
0.883815
0.880942
0.878059
0.875237
0.872279
0.869297
0.866183
0.863198
0.860152
0.857208
0.854091
0.851097
0.848092
0.844982
0.841940
0.838831
0.835640
0.832113
0.829006
0.825844
0.822618
0.819385
0.816076
0.812762
0.809353
0.805994
0.802410
0.798980
0.795530
0.791972
0.788351
0.784709
0.781102
0.777435
0.774045
0.770512
0.766882
0.763505
0.759841
0.756095
0.752392
0.748843
0.745118
0.741471
0.737796
0.733986
0.730181
0.725481
0.721458
0.717367
0.713211
0.709055
0.704939
0.700835
0.696637
0.692441
0.687871
0.683865
0.679314
0.674849
0.670401
0.665778
0.661218
0.655801
0.651216
0.646692
0.642007
0.637192
0.632438
0.627720
0.623004
0.618360
0.613783
0.608892
0.604178
0.600856
0.596062
0.591149
0.586196
0.581182
0.576196
0.571210
0.566253
0.561345
0.556464
0.551976
0.547207
0.542258
0.538947
0.535639
0.532344
0.527463
0.522980
0.519721
0.516448
0.513123
0.509841
0.503461
0.499018
0.493463
0.489159
0.484738
0.479964
0.476153
0.472235
0.469531
0.466781
0.462979
0.460328
0.456498
0.453812
0.451105
0.447152
0.444449
0.441711
0.438985
0.436217
0.433431
0.430609
0.427761
0.424902
0.422080
0.419208
0.416323
0.413501
0.410627
0.407690
0.403720
0.400637
0.397529
0.394362
0.391171
0.387938
0.381464
0.378090
0.374656
0.371393
0.368048
0.364646
0.361293
0.357911
0.354530
0.351055
0.347551
0.343981
0.340306
0.336563
0.332974
0.329293
0.325596
0.321786
0.317961
0.314055
0.310021
0.305900
0.301628
0.297232
0.292698
0.288170
0.283460
0.278668
0.273624
0.268291
0.262711
0.257093
0.251219
0.244934
0.238161
0.230856
0.222830
0.214149
0.204590
0.193916
0.181777
0.167517
0.148560
0.123736
0.094003
0.000000
0.000000
0.000000
0.000000
0.000000
0.000000
0.000000
0.000000
0.000000
0.000000
0.000000
0.000000
0.000000
0.000000
0.000000
0.000000
0.000000
0.000000
0.000000
0.000000
0.000000
0.000000
0.000000
0.000000
0.000000
0.000000
0.000000
0.000000
0.000000
0.000000
0.000000
0.000000
0.000000
0.000000
0.000000
0.000000
0.000000
0.000000
0.000000
0.000000
0.000000
0.000000
0.000000
0.000000
0.000000
0.000000
0.000000
0.000000
0.000000
0.000000
0.000000
0.000000
0.000000
0.000000
0.000000
0.000000
0.000000
0.000000
0.000000
0.000000
0.000000
0.000000
0.000000
0.000000
0.000000
0.000000
0.000000
0.000000
0.000000
0.000000
0.000000
0.000000
0.000000
0.000000
0.000000
0.000000
0.000000
0.000000
0.000000
0.000000
0.000000
0.000000
0.000000
0.000000
0.000000
0.000000
0.000000
0.000000
0.000000
0.000000
0.000000
0.000000
0.000000
0.000000
0.000000
0.000000
0.000000
0.000000
0.000000
0.000000
0.000000
0.000000
0.000000
0.000000
0.000000
0.000000
0.000000
0.000000
0.000000
0.000000
0.000000
0.000000
0.000000
0.000000
0.000000
0.000000
0.000000
0.000000
0.000000
0.000000
0.000000
0.000000
0.000000
0.000000
0.000000
0.000000
0.000000
0.000000
0.000000
0.000000
0.000000
0.000000
0.000000
0.000000
0.000000
0.000000
0.000000
0.000000
0.000000
0.000000
0.000000
0.000000
0.000000
0.000000
0.000000
0.000000
0.000000
0.000000
0.000000
0.000000
0.000000
0.000000
0.000000
0.000000
0.000000
0.000000
0.000000
0.000000
0.000000
0.000000
0.000000
0.000000
0.000000
0.000000
0.000000
0.000000
0.000000
0.000000
0.000000
0.000000
0.000000
0.000000
0.000000
0.000000
0.000000
0.000000
0.000000
0.000000
0.000000
0.000000
0.000000
0.000000
0.000000
0.000000
0.000000
0.000000
0.000000
0.000000
0.000000
0.000000
0.000000
0.000000
0.000000
0.000000
0.000000
0.000000
0.000000
0.000000
0.000000
0.000000
0.000000
0.000000
0.000000
0.000000
0.000000
0.000000
0.000000
0.000000
0.000000
0.000000
0.000000
0.000000
0.000000
0.000000
0.000000
0.000000
0.000000
0.000000
0.000000
0.000000
0.000000
0.000000
0.000000
0.000000
0.000000
0.000000
0.000000
0.000000
0.000000
0.000000
0.000000
0.000000
0.000000
0.000000
0.000000
0.000000
0.000000
0.000000
0.000000
0.000000
0.000000
0.000000
0.000000
0.000000
0.000000
0.000000
0.000000
0.000000
0.000000
0.000000
0.000000
0.000000
0.000000
0.000000
0.000000
0.000000
0.000000
0.000000
0.000000
0.000000
0.000000
0.000000
0.000000
0.000000
0.000000
0.000000
0.000000
0.000000
0.000000
0.000000
0.000000
0.000000
0.000000
0.000000
0.000000
0.000000
0.000000
0.000000
0.000000
0.000000
0.000000
0.000000
0.000000
0.000000
0.000000
0.000000
0.000000
0.000000
0.000000
0.000000
0.000000
0.000000
0.000000
0.000000
0.000000
0.000000
0.000000
0.000000
0.000000
0.000000
0.000000
0.000000
0.000000
0.000000
0.000000
0.000000
0.000000
0.000000
0.000000
0.000000
0.000000
0.000000
0.000000
0.000000
0.000000
0.000000
0.000000
0.000000
0.000000
0.000000
0.000000
0.000000
0.000000
0.000000
0.000000
0.000000
0.000000
0.000000
0.000000
0.000000
0.000000
0.000000
0.000000
0.000000
0.000000
0.000000
0.000000
0.000000
0.000000
0.000000
0.000000
0.000000
0.000000
0.000000
0.000000
0.000000
0.000000
0.000000
0.000000
0.000000
0.000000
0.000000
0.000000
0.000000
0.000000
0.000000
0.000000
0.000000
0.000000
0.000000
0.000000
0.000000
0.000000
0.000000
0.000000
0.000000
0.000000
0.000000
0.000000
0.000000
0.000000
0.000000
0.000000
0.000000
0.000000
0.000000
0.000000
0.000000
0.000000
0.000000
0.000000
0.000000
0.000000
0.000000
0.000000
0.000000
0.000000
0.000000
0.000000
0.000000
0.000000
0.000000
0.000000
0.000000
0.000000
0.000000
0.000000
0.000000
0.000000
0.000000
0.000000
0.000000
0.000000
0.000000
0.000000
0.000000
0.000000
0.000000
0.000000
0.000000
0.000000
0.000000
0.000000
0.000000
0.000000
0.000000
0.000000
0.000000
0.000000
0.000000
0.000000
0.000000
0.000000
0.000000
0.000000
0.000000
0.000000
0.000000
0.000000
0.000000
0.000000
0.000000
0.000000
0.000000
0.000000
0.000000
0.000000
0.000000
0.000000
0.000000
0.000000
0.000000
0.000000
0.000000
0.000000
0.000000
0.000000
0.000000
0.000000
0.000000
0.000000
0.000000
0.000000
0.000000
0.000000
0.000000
0.000000
0.000000
0.000000
0.000000
0.000000
0.000000
0.000000
0.000000
0.000000
0.000000
0.000000
0.000000
0.000000
0.000000
0.000000
0.000000
0.000000
0.000000
0.000000
0.000000
0.000000
0.000000
0.000000
0.000000
0.000000
0.000000
0.000000
0.000000
0.000000
0.000000
0.000000
0.000000
0.000000
0.000000
0.000000
0.000000
0.000000
0.000000
0.000000
0.000000
0.000000
0.000000
0.000000
0.000000
0.000000
0.000000
0.000000
0.000000
0.000000
0.000000
0.000000
0.000000
0.000000
0.000000
0.000000
0.000000
0.000000
0.000000
0.000000
0.000000
0.000000
0.000000
0.000000
0.000000
0.000000
0.000000
0.000000
0.000000
0.000000
0.000000
0.000000
0.000000
0.000000
0.000000
0.000000
0.000000
0.000000
0.000000
0.000000
0.000000
0.000000
0.000000
0.000000
0.000000
0.000000
0.000000
0.000000
0.000000
0.000000
0.000000
0.000000
0.000000
0.000000
0.000000
0.000000
0.000000
0.000000
0.000000
0.000000
0.000000
0.000000
0.000000
0.000000
0.000000
0.000000
0.000000
0.000000
0.000000
0.000000
0.000000
0.000000
0.000000
0.000000
0.000000
0.000000
0.000000
0.000000
0.000000
0.000000
0.000000
0.000000
0.000000
0.000000
0.000000
0.000000
0.000000
0.000000
0.000000
0.000000
0.000000
0.000000
0.000000
0.000000
0.000000
0.000000
0.000000
0.000000
0.000000
0.000000
0.000000
0.000000
0.000000
0.000000
0.000000
0.000000
0.000000
0.000000
0.000000
0.000000
0.000000
0.000000
0.000000
0.000000
0.000000
0.000000
0.000000
0.000000
0.000000
0.000000
0.000000
0.000000
0.000000
0.000000
0.000000
0.000000
0.000000
0.000000
0.000000
0.000000
0.000000
0.000000
0.000000
0.000000
0.000000
0.000000
0.000000
0.000000
0.000000
0.000000
0.000000
0.000000
0.000000
0.000000
0.000000
0.000000
0.000000
0.000000
0.000000
0.000000
0.000000
0.000000
0.000000
0.000000
0.000000
0.000000
0.000000
0.000000
0.000000
0.000000
0.000000
0.000000
0.000000
0.000000
0.000000
0.000000
0.000000
0.000000
0.000000
0.000000
0.000000
0.000000
0.000000
0.000000
0.000000
0.000000
0.000000
0.000000
0.000000
0.000000
0.000000
0.000000
0.000000
0.000000
0.000000
0.000000
0.000000
0.000000
0.000000
0.000000
0.000000
0.000000
0.000000
0.000000
0.000000
0.000000
0.000000
0.000000
0.000000
0.000000
0.000000
0.000000
0.000000
0.000000
0.000000
0.000000
0.000000
0.000000
0.000000
0.000000
0.000000
0.000000
0.000000
0.000000
0.000000
0.000000
0.000000
0.000000
0.000000
0.000000
0.000000
0.000000
0.000000
0.000000
0.000000
0.000000
0.000000
0.000000
0.000000
0.000000
0.000000
0.000000
0.000000
0.000000
0.000000
0.000000
0.000000
0.000000
0.000000
0.000000
0.000000
0.000000
0.000000
0.000000
0.000000
0.000000
0.000000
0.000000
0.000000
0.000000
0.000000
0.000000
0.000000
0.000000
0.000000
0.000000
0.000000
0.000000
0.000000
0.000000
0.000000
0.000000
0.000000
0.000000
0.000000
0.000000
0.000000
0.000000
0.000000
0.000000
0.000000
0.000000
0.000000
0.000000
0.000000
0.000000
0.000000
0.000000
0.000000
0.000000
0.000000
0.000000
0.000000
0.000000
0.000000
0.000000
0.000000
0.000000
0.000000
0.000000
0.000000
0.000000
0.000000
0.000000
0.000000
0.000000
0.000000
0.000000
0.000000
0.000000
0.000000
0.000000
0.000000
0.000000
0.000000
0.000000
0.000000
0.000000
0.000000
0.000000
0.000000
0.000000
0.000000
0.000000
0.000000
0.000000
0.000000
0.000000
0.000000
0.000000
0.000000
0.000000
0.000000
0.000000
0.000000
0.000000
0.000000
0.000000
0.000000
0.000000
0.000000
0.000000
0.000000
0.000000
0.000000
0.000000
0.000000
0.000000
0.000000
0.000000
0.000000
0.000000
0.000000
0.000000
0.000000
0.000000
0.000000
0.000000
0.000000
0.000000
0.000000
0.000000
0.000000
0.000000
0.000000
0.000000
0.000000
0.000000
0.000000
0.000000
0.000000
0.000000
0.000000
0.000000
0.000000
0.000000
0.000000
0.000000
0.000000
0.000000
0.000000
0.000000
0.000000
0.000000
0.000000
0.000000
0.000000
0.000000
0.000000
0.000000
0.000000
0.000000
0.000000
0.000000
0.000000
0.000000
0.000000
0.000000
0.000000
0.000000
0.000000
0.000000
0.000000
0.000000
0.000000
0.000000
0.000000
0.000000
0.000000
0.000000
0.000000
0.000000
0.000000
0.000000
0.000000
0.000000
0.000000
0.000000
0.000000
0.000000
0.000000
0.000000
0.000000
0.000000
0.000000
0.000000
0.000000
0.000000
0.000000
0.000000
0.000000
0.000000
0.000000
0.000000
0.000000
0.000000
0.000000
0.000000
0.000000
0.000000
0.000000
0.000000
0.000000
0.000000
0.000000
0.000000
0.000000
0.000000
0.000000
0.000000
0.000000
0.000000
0.000000
0.000000
0.000000
0.000000
0.000000
0.000000
0.000000
0.000000
0.000000
0.000000
0.000000
0.000000
0.000000
0.000000
0.000000
0.000000
0.000000
0.000000
0.000000
0.000000
0.000000
0.000000
0.000000
0.000000
0.000000
0.000000
0.000000
0.000000
0.000000
0.000000
0.000000
0.000000
0.000000
0.000000
0.000000
0.000000
0.000000
0.000000
0.000000
0.000000
0.000000
0.000000
0.000000
0.000000
0.000000
0.000000
0.000000
0.000000
0.000000
0.000000
0.000000
0.000000
0.000000
0.000000
0.000000
0.000000
0.000000
0.000000
0.000000
0.000000
0.000000
0.000000
0.000000
0.000000
0.000000
0.000000
0.000000
0.000000
0.000000
0.000000
0.000000
