10.609445
10.292555
9.839442
9.454951
9.138031
8.947520
8.686725
8.507446
8.357784
8.135024
8.000795
7.866261
7.741430
7.556555
7.416720
7.326942
7.218605
7.140224
7.058589
6.952356
6.880496
6.807961
6.737117
6.667089
6.589126
6.502536
6.422206
6.365670
6.284618
6.231073
6.156500
6.100605
6.043434
5.987069
5.934114
5.882956
5.822523
5.754570
5.700303
5.645553
5.597293
5.550877
5.503544
5.437347
5.371794
5.307610
5.263930
5.219738
5.167783
5.125729
5.078623
5.031384
4.979825
4.930705
4.883363
4.837397
4.803840
4.758456
4.725647
4.682934
4.639899
4.609470
4.566604
4.532452
4.497766
4.461591
4.430508
4.403906
4.373389
4.346213
4.309618
4.276495
4.249925
4.224660
4.190792
4.158634
4.133756
4.107643
4.083588
4.058720
4.033619
4.006849
3.983743
3.956561
3.934946
3.905600
3.876267
3.854977
3.833204
3.804500
3.783046
3.761203
3.739791
3.712567
3.694869
3.667546
3.647599
3.621021
3.594944
3.571353
3.548894
3.528899
3.508163
3.488838
3.470370
3.449578
3.430124
3.405289
3.381059
3.362286
3.344386
3.327464
3.306782
3.287153
3.269514
3.247481
3.230386
3.212811
3.193850
3.176944
3.161767
3.146878
3.128843
3.110809
3.096630
3.078462
3.058698
3.043628
3.026096
3.013411
2.997146
2.982958
2.964081
2.947610
2.928813
2.910189
2.894647
2.878780
2.862899
2.844936
2.828896
2.817467
2.800147
2.785149
2.773645
2.758580
2.743859
2.727129
2.715669
2.703718
2.687866
2.671961
2.656105
2.644954
2.628836
2.613154
2.596870
2.580842
2.565522
2.552912
2.540705
2.529089
2.517823
2.507015
2.493397
2.481921
2.471075
2.460358
2.447443
2.434471
2.424320
2.411496
2.399105
2.388856
2.379386
2.370162
2.358601
2.347160
2.337505
2.328270
2.316623
2.307497
2.297663
2.289339
2.280435
2.271086
2.259857
2.250059
2.239128
2.229542
2.220564
2.210425
2.199696
2.188944
2.179751
2.169662
2.160498
2.150118
2.140195
2.132310
2.124987
2.115357
2.105817
2.098034
2.088556
2.079203
2.069805
2.060381
2.051015
2.041576
2.032199
2.022750
2.014953
2.005760
1.996563
1.989287
1.980142
1.971043
1.961836
1.952779
1.943626
1.934494
1.926936
1.917801
1.908662
1.900750
1.891701
1.885015
1.876058
1.867122
1.858173
1.849238
1.839690
1.830133
1.820701
1.811819
1.802913
1.794042
1.786322
1.777448
1.768855
1.760478
1.751879
1.743331
1.734700
1.727867
1.720416
1.711824
1.704178
1.695613
1.687258
1.678871
1.670643
1.662444
1.653887
1.645810
1.637184
1.630885
1.623056
1.616994
1.609224
1.601619
1.594008
1.586533
1.580585
1.572886
1.566912
1.559306
1.551623
1.545338
1.537753
1.530867
1.524167
1.516625
1.511744
1.506258
1.501025
1.494207
1.488885
1.482135
1.476649
1.471396
1.464923
1.458467
1.453342
1.448433
1.443340
1.438367
1.433455
1.428651
1.423711
1.417527
1.411460
1.405427
1.400703
1.394639
1.388718
1.384050
1.378556
1.373052
1.368812
1.363263
1.358312
1.354047
1.349821
1.345793
1.342389
1.338210
1.333579
1.328954
1.325580
1.320377
1.315794
1.311208
1.307906
1.302871
1.297757
1.293896
1.289430
1.284482
1.280017
1.275554
1.271485
1.267022
1.262556
1.258646
1.254240
1.250257
1.246366
1.242003
1.238822
1.234467
1.230109
1.225749
1.221406
1.217067
1.212728
1.208483
1.204674
1.200400
1.196104
1.191790
1.187475
1.183178
1.179175
1.174838
1.170555
1.166230
1.161922
1.158746
1.154422
1.150085
1.146211
1.141954
1.137707
1.133393
1.129135
1.124858
1.120050
1.115937
1.112273
1.108729
1.104597
1.099955
1.095811
1.091700
1.087560
1.083385
1.079243
1.075083
1.070877
1.066705
1.062647
1.058450
1.054234
1.050007
1.045833
1.041652
1.037451
1.033268
1.028629
1.025131
1.021016
1.016852
1.012665
1.008511
1.004281
1.000106
0.995987
0.991848
0.987635
0.983453
0.979267
0.975111
0.970955
0.966784
0.962688
0.958504
0.954311
0.950347
0.946165
0.941959
0.937776
0.933655
0.929527
0.925365
0.921225
0.917062
0.912953
0.909196
0.905050
0.900856
0.896640
0.892437
0.888275
0.884129
0.880016
0.875848
0.871661
0.866981
0.862821
0.858634
0.854499
0.849917
0.845780
0.841656
0.837569
0.833446
0.829283
0.825089
0.820970
0.816828
0.812674
0.808513
0.804315
0.800119
0.795885
0.791673
0.787464
0.783861
0.779646
0.775400
0.771163
0.766947
0.762768
0.758758
0.754697
0.751698
0.748689
0.744597
0.740628
0.736543
0.732434
0.728359
0.724355
0.720351
0.717115
0.713080
0.709088
0.705097
0.701059
0.697037
0.692975
0.689994
0.685896
0.681792
0.678808
0.674707
0.670625
0.667628
0.663559
0.659475
0.655395
0.652391
0.648463
0.644341
0.640346
0.637427
0.633442
0.629422
0.626492
0.622489
0.619575
0.615707
0.611872
0.608027
0.604162
0.600390
0.597668
0.594969
0.591279
0.587615
0.584912
0.581317
0.578657
0.575135
0.571557
0.568041
0.565456
0.561986
0.558530
0.555097
0.551709
0.549236
0.546753
0.543429
0.541057
0.537826
0.534643
0.531559
0.529290
0.527046
0.524836
0.521824
0.519640
0.516768
0.513863
0.510973
0.508875
0.506835
0.504158
0.502249
0.500345
0.497835
0.495962
0.494087
0.492259
0.490061
0.488057
0.486420
0.484785
0.482754
0.480736
0.479068
0.477402
0.476179
0.474962
0.473744
0.472523
0.471316
0.470106
0.468901
0.467701
0.466506
0.464915
0.463723
0.462543
0.461364
0.460187
0.459007
0.457826
0.456643
0.455463
0.454287
0.453118
0.451949
0.450776
0.449604
0.448432
0.447265
0.446094
0.444923
0.443748
0.442571
0.441402
0.440229
0.439058
0.437885
0.436711
0.435534
0.434356
0.432752
0.431574
0.430393
0.429210
0.428027
0.426844
0.425657
0.424468
0.423277
0.422096
0.420913
0.419728
0.418542
0.417353
0.416168
0.414987
0.413806
0.412623
0.411440
0.410257
0.409070
0.407882
0.406692
0.405500
0.404310
0.403119
0.401928
0.400740
0.399556
0.398376
0.397207
0.396038
0.394866
0.393691
0.392516
0.391344
0.390171
0.388999
0.387824
0.386656
0.385495
0.384336
0.383179
0.382020
0.380858
0.379698
0.378543
0.377385
0.376227
0.375069
0.373917
0.372775
0.371630
0.370489
0.369347
0.368202
0.367054
0.365911
0.364766
0.363618
0.362467
0.361314
0.360160
0.359005
0.357849
0.356691
0.355531
0.354366
0.353203
0.352035
0.350865
0.349693
0.348527
0.347369
0.346208
0.344691
0.343527
0.342360
0.341196
0.340031
0.338863
0.337693
0.336525
0.335355
0.334183
0.333009
0.331837
0.330663
0.329490
0.328316
0.327144
0.325972
0.324797
0.323627
0.322461
0.321301
0.320141
0.318980
0.317818
0.316653
0.315488
0.314323
0.313154
0.311987
0.310817
0.309642
0.308482
0.307319
0.306152
0.304985
0.303818
0.302654
0.301486
0.300314
0.299145
0.297975
0.296808
0.295648
0.294490
0.293330
0.292168
0.291002
0.289841
0.288686
0.287529
0.286368
0.285205
0.284041
0.282878
0.281713
0.280544
0.279373
0.278199
0.277022
0.275846
0.274670
0.273494
0.272313
0.271127
0.269940
0.268756
0.267577
0.266409
0.265241
0.264070
0.262895
0.261720
0.260541
0.259368
0.258201
0.257036
0.255868
0.254717
0.253563
0.252407
0.251246
0.250086
0.248922
0.247753
0.246594
0.245430
0.244263
0.243105
0.241942
0.240778
0.239616
0.238456
0.237294
0.236128
0.234956
0.233783
0.232612
0.231453
0.230291
0.229124
0.227953
0.226796
0.225635
0.224470
0.223315
0.222154
0.220995
0.219834
0.218678
0.217534
0.216386
0.215233
0.214076
0.212913
0.211750
0.210581
0.209408
0.208231
0.207050
0.205864
0.204675
0.203480
0.202284
0.201085
0.199889
0.198687
0.197492
0.196293
0.195089
0.193886
0.192679
0.191478
0.190275
0.189072
0.187867
0.186670
0.185467
0.184274
0.183074
0.181866
0.180654
0.179435
0.178208
0.176984
0.175752
0.174517
0.173278
0.172036
0.170786
0.169528
0.168296
0.167066
0.165828
0.164581
0.163332
0.162078
0.160827
0.159570
0.158306
0.157046
0.155777
0.154505
0.153225
0.151936
0.150651
0.149373
0.148090
0.146807
0.145521
0.144233
0.142938
0.141633
0.140328
0.139024
0.137723
0.136420
0.135116
0.133804
0.132480
0.131155
0.129820
0.128474
0.127123
0.125767
0.124409
0.123038
0.121652
0.120295
0.118925
0.117548
0.116156
0.114754
0.113338
0.111904
0.110457
0.108992
0.107543
0.106077
0.104614
0.103159
0.101719
0.100258
0.098782
0.097334
0.095878
0.094406
0.092962
0.091517
0.090093
0.088652
0.087200
0.085748
0.084275
0.082785
0.081271
0.079734
0.078180
0.076624
0.075046
0.073440
0.071801
0.070124
0.068433
0.066703
0.064956
0.063169
0.061378
0.059570
0.057719
0.055827
0.053971
0.052087
0.050145
0.048135
0.046146
0.044119
0.042001
0.039803
0.037514
0.035145
0.032614
0.030088
0.027781
0.025977
0.024125
0.022302
0.020439
0.018410
0.016180
0.013594
0.010943
0.007662
0.003600
0.000000
0.000000
0.000000
0.000000
0.000000
0.000000
0.000000
0.000000
0.000000
0.000000
0.000000
0.000000
0.000000
0.000000
0.000000
0.000000
0.000000
0.000000
0.000000
0.000000
0.000000
0.000000
0.000000
0.000000
0.000000
0.000000
0.000000
0.000000
0.000000
0.000000
0.000000
0.000000
0.000000
0.000000
0.000000
0.000000
0.000000
0.000000
0.000000
0.000000
0.000000
0.000000
0.000000
0.000000
0.000000
0.000000
0.000000
0.000000
0.000000
0.000000
0.000000
0.000000
0.000000
0.000000
0.000000
0.000000
0.000000
0.000000
0.000000
0.000000
0.000000
0.000000
0.000000
0.000000
0.000000
0.000000
0.000000
0.000000
0.000000
0.000000
0.000000
0.000000
0.000000
0.000000
0.000000
0.000000
0.000000
0.000000
0.000000
0.000000
0.000000
0.000000
0.000000
0.000000
0.000000
0.000000
0.000000
0.000000
0.000000
0.000000
0.000000
0.000000
0.000000
0.000000
0.000000
0.000000
0.000000
0.000000
0.000000
0.000000
0.000000
0.000000
0.000000
0.000000
0.000000
0.000000
0.000000
0.000000
0.000000
0.000000
0.000000
0.000000
0.000000
0.000000
0.000000
0.000000
0.000000
0.000000
0.000000
0.000000
0.000000
0.000000
0.000000
0.000000
0.000000
0.000000
0.000000
0.000000
0.000000
0.000000
0.000000
0.000000
0.000000
0.000000
0.000000
0.000000
0.000000
0.000000
0.000000
0.000000
0.000000
0.000000
0.000000
0.000000
0.000000
0.000000
0.000000
0.000000
0.000000
0.000000
0.000000
0.000000
0.000000
0.000000
0.000000
0.000000
0.000000
0.000000
0.000000
0.000000
0.000000
0.000000
0.000000
0.000000
0.000000
0.000000
0.000000
0.000000
0.000000
0.000000
0.000000
0.000000
0.000000
0.000000
0.000000
0.000000
0.000000
0.000000
0.000000
0.000000
0.000000
0.000000
0.000000
0.000000
0.000000
0.000000
0.000000
0.000000
0.000000
0.000000
0.000000
0.000000
0.000000
0.000000
0.000000
0.000000
0.000000
0.000000
0.000000
0.000000
0.000000
0.000000
0.000000
0.000000
0.000000
0.000000
0.000000
0.000000
0.000000
0.000000
0.000000
0.000000
0.000000
0.000000
0.000000
0.000000
0.000000
0.000000
0.000000
0.000000
0.000000
0.000000
0.000000
0.000000
0.000000
0.000000
0.000000
0.000000
0.000000
0.000000
0.000000
0.000000
0.000000
0.000000
0.000000
0.000000
0.000000
0.000000
0.000000
0.000000
0.000000
0.000000
0.000000
0.000000
0.000000
0.000000
0.000000
0.000000
0.000000
0.000000
0.000000
0.000000
0.000000
0.000000
0.000000
0.000000
0.000000
0.000000
0.000000
0.000000
0.000000
0.000000
0.000000
0.000000
0.000000
0.000000
0.000000
0.000000
0.000000
0.000000
0.000000
0.000000
0.000000
0.000000
0.000000
0.000000
0.000000
0.000000
0.000000
0.000000
0.000000
0.000000
0.000000
0.000000
0.000000
0.000000
0.000000
0.000000
0.000000
0.000000
0.000000
0.000000
0.000000
0.000000
0.000000
0.000000
0.000000
0.000000
0.000000
0.000000
0.000000
0.000000
0.000000
0.000000
0.000000
0.000000
0.000000
0.000000
0.000000
0.000000
0.000000
0.000000
0.000000
0.000000
0.000000
0.000000
0.000000
0.000000
0.000000
0.000000
0.000000
0.000000
0.000000
0.000000
0.000000
0.000000
0.000000
0.000000
0.000000
0.000000
0.000000
0.000000
0.000000
0.000000
0.000000
0.000000
0.000000
0.000000
0.000000
0.000000
0.000000
0.000000
0.000000
0.000000
0.000000
0.000000
0.000000
0.000000
0.000000
0.000000
0.000000
0.000000
0.000000
0.000000
0.000000
0.000000
0.000000
0.000000
0.000000
0.000000
0.000000
0.000000
0.000000
0.000000
0.000000
0.000000
0.000000
0.000000
0.000000
0.000000
0.000000
0.000000
0.000000
0.000000
0.000000
0.000000
0.000000
0.000000
0.000000
0.000000
0.000000
0.000000
0.000000
0.000000
0.000000
0.000000
0.000000
0.000000
0.000000
0.000000
0.000000
0.000000
0.000000
0.000000
0.000000
0.000000
0.000000
0.000000
0.000000
0.000000
0.000000
0.000000
0.000000
0.000000
0.000000
0.000000
0.000000
0.000000
0.000000
0.000000
0.000000
0.000000
0.000000
0.000000
0.000000
0.000000
0.000000
0.000000
0.000000
0.000000
0.000000
0.000000
0.000000
0.000000
0.000000
0.000000
0.000000
0.000000
0.000000
0.000000
0.000000
0.000000
0.000000
0.000000
0.000000
0.000000
0.000000
0.000000
0.000000
0.000000
0.000000
0.000000
0.000000
0.000000
0.000000
0.000000
0.000000
0.000000
0.000000
0.000000
0.000000
0.000000
0.000000
0.000000
0.000000
0.000000
0.000000
0.000000
0.000000
0.000000
0.000000
0.000000
0.000000
0.000000
0.000000
0.000000
0.000000
0.000000
0.000000
0.000000
0.000000
0.000000
0.000000
0.000000
0.000000
0.000000
0.000000
0.000000
0.000000
0.000000
0.000000
0.000000
0.000000
0.000000
0.000000
0.000000
0.000000
0.000000
0.000000
0.000000
0.000000
0.000000
0.000000
0.000000
0.000000
0.000000
0.000000
0.000000
0.000000
0.000000
0.000000
0.000000
0.000000
0.000000
0.000000
0.000000
0.000000
0.000000
0.000000
0.000000
0.000000
0.000000
0.000000
0.000000
0.000000
0.000000
0.000000
0.000000
0.000000
0.000000
0.000000
0.000000
0.000000
0.000000
0.000000
0.000000
0.000000
0.000000
0.000000
0.000000
0.000000
0.000000
0.000000
0.000000
0.000000
0.000000
0.000000
0.000000
0.000000
0.000000
0.000000
0.000000
0.000000
0.000000
0.000000
0.000000
0.000000
0.000000
0.000000
0.000000
0.000000
0.000000
0.000000
0.000000
0.000000
0.000000
0.000000
0.000000
0.000000
0.000000
0.000000
0.000000
0.000000
0.000000
0.000000
0.000000
0.000000
0.000000
0.000000
0.000000
0.000000
0.000000
0.000000
0.000000
0.000000
0.000000
0.000000
0.000000
0.000000
0.000000
0.000000
0.000000
0.000000
0.000000
0.000000
0.000000
0.000000
0.000000
0.000000
0.000000
0.000000
0.000000
0.000000
0.000000
0.000000
0.000000
0.000000
0.000000
0.000000
0.000000
0.000000
0.000000
0.000000
0.000000
0.000000
0.000000
0.000000
0.000000
0.000000
0.000000
0.000000
0.000000
0.000000
0.000000
0.000000
0.000000
0.000000
0.000000
0.000000
0.000000
0.000000
0.000000
0.000000
0.000000
0.000000
0.000000
0.000000
0.000000
0.000000
0.000000
0.000000
0.000000
0.000000
0.000000
0.000000
0.000000
0.000000
0.000000
0.000000
0.000000
0.000000
0.000000
0.000000
0.000000
0.000000
0.000000
0.000000
0.000000
0.000000
0.000000
0.000000
0.000000
0.000000
0.000000
0.000000
0.000000
0.000000
0.000000
0.000000
0.000000
0.000000
0.000000
0.000000
0.000000
0.000000
0.000000
0.000000
0.000000
0.000000
0.000000
0.000000
0.000000
0.000000
0.000000
0.000000
0.000000
0.000000
0.000000
0.000000
0.000000
0.000000
0.000000
0.000000
0.000000
0.000000
0.000000
0.000000
0.000000
0.000000
0.000000
