0.000000 0.306122
33.000000 0.306122
14.000000 0.285714
16.000000 0.285714
36.000000 0.285714
13.000000 0.265306
18.000000 0.265306
31.000000 0.265306
37.000000 0.265306
5.000000 0.244898
17.000000 0.244898
49.000000 0.244898
3.000000 0.224490
6.000000 0.224490
12.000000 0.224490
20.000000 0.224490
23.000000 0.224490
24.000000 0.224490
27.000000 0.224490
19.000000 0.204082
21.000000 0.204082
22.000000 0.204082
34.000000 0.204082
35.000000 0.204082
43.000000 0.204082
47.000000 0.204082
48.000000 0.204082
1.000000 0.183673
7.000000 0.183673
9.000000 0.183673
15.000000 0.183673
32.000000 0.183673
39.000000 0.183673
40.000000 0.183673
42.000000 0.183673
45.000000 0.183673
11.000000 0.163265
25.000000 0.163265
26.000000 0.163265
29.000000 0.163265
30.000000 0.163265
41.000000 0.163265
44.000000 0.163265
4.000000 0.142857
8.000000 0.142857
2.000000 0.122449
10.000000 0.122449
38.000000 0.122449
28.000000 0.102041
46.000000 0.102041
