28.000000 177.172215
46.000000 172.984832
10.000000 163.557993
2.000000 161.849882
38.000000 161.677220
4.000000 154.130212
42.000000 153.866229
9.000000 149.373408
45.000000 145.879949
11.000000 145.730802
39.000000 145.338516
6.000000 144.656530
19.000000 144.607075
16.000000 144.455172
0.000000 142.517888
25.000000 139.263519
8.000000 139.044365
1.000000 138.821344
40.000000 137.506066
44.000000 135.194289
7.000000 134.875375
30.000000 134.238632
32.000000 133.574903
43.000000 133.257264
34.000000 131.128619
29.000000 130.983029
26.000000 130.540921
5.000000 126.065456
24.000000 124.617692
23.000000 124.137949
41.000000 123.607233
22.000000 118.674864
13.000000 116.754627
14.000000 114.777737
17.000000 114.757644
15.000000 113.949723
48.000000 113.938953
37.000000 113.573698
47.000000 112.735217
21.000000 109.877094
12.000000 109.551486
3.000000 108.483976
27.000000 108.380294
31.000000 108.361969
36.000000 107.731667
33.000000 103.873614
18.000000 101.716736
20.000000 100.658306
35.000000 97.563431
49.000000 97.227013
