21.000000 0.273741
35.000000 0.265931
37.000000 0.228107
13.000000 0.222228
27.000000 0.220452
47.000000 0.218701
20.000000 0.213209
15.000000 0.212301
22.000000 0.206527
18.000000 0.199011
3.000000 0.195529
12.000000 0.194415
33.000000 0.172438
49.000000 0.171177
41.000000 0.167087
26.000000 0.161702
48.000000 0.160008
31.000000 0.158199
23.000000 0.139674
36.000000 0.137128
29.000000 0.132557
17.000000 0.131018
32.000000 0.124717
14.000000 0.123177
44.000000 0.119855
43.000000 0.119095
7.000000 0.109791
40.000000 0.108630
30.000000 0.100356
34.000000 0.099382
24.000000 0.097531
8.000000 0.095702
5.000000 0.094947
39.000000 0.082798
11.000000 0.076239
25.000000 0.074999
6.000000 0.067256
1.000000 0.063993
45.000000 0.056336
19.000000 0.053434
38.000000 0.036401
2.000000 0.035157
4.000000 0.034438
9.000000 0.033544
16.000000 0.029903
10.000000 0.026745
46.000000 0.015588
0.000000 0.013455
42.000000 0.012143
28.000000 0.011940
